0076
0407
5447
4100
0132
0401
9493
9429
0149
7741
2100
0152
3100
0100
0157
4051
0159
0746
9100
8100
0160
4356
1100
0161
7255
7414
7429
0162
0408
0854
6100
0163
0416
2204
7100
0164
0409
1013
0170
8735
0174
7340
9421
0175
0888
0176
7362
0180
0406
5506
0182
0413
4320
5405
0183
0421
9298
5421
5429
0185
4471
3457
1438
1372
0191
9019
0195
9646
0196
5557
0201
0081
3161
1303
1214
0202
5180
0206
4474
0211
0291
0214
6027
0218
1630
0219
7844
0222
5213
0223
5804
0224
0225
1618
0227
0385
0228
1334
0230
7023
0231
0292
0232
4184
0317
5572
0321
2835
0322
2606
6421
0327
4840
5100
0329
2472
0331
1037
0332
9883
0342
8491
0348
1418
0354
3172
0359
6438
0364
3450
0365
3918
7421
0372
9230
0373
5725
0374
0375
1930
0379
0402
4401
0380
5868
0381
6875
0383
3900
0388
1057
0389
5891
0391
2061
0392
0184
2421
0394
1293
0397
2555
0403
2901
0417
9695
0412
1128
0423
7640
0424
4122
0425
7912
7162
0426
0520
0427
0410
3205
0428
2401
0429
9893
0432
0304
0437
3203
0439
3668
0440
9496
0447
6708
0448
2628
0449
8755
0452
0502
0453
0454
0414
0855
0466
8919
0469
4010
0470
9850
0498
3889
0499
8518
0501
7779
0504
3272
0505
5707
0506
7851
0522
4361
0524
2063
0539
7862
0567
5502
4335
0666
0422
2149
0667
6603
0668
8443
0671
5294
0674
0675
4494
0677
3045
0679
8087
0683
9810
0689
9454
0693
7371
0697
1417
0705
2112
0718
4452
0730
3035
4421
0735
0717
0744
2824
0029
0747
0748
9688
0749
0021
0752
7699
0757
9626
1421
0776
0782
2361
0783
1141
0786
3789
0800
6059
0801
3335
0804
9876
0809
3255
0813
5565
6162
0843
1806
0866
0404
8108
0916
1850
1030
2376
6343
1035
2809
1132
0405
8876
1135
8439
1169
7041
1204
9397
1596
3357
1661
6864
2208
2092
2727
9829
4187
0419
6532
